0 3227
1 3699
2 8968
3 9256
4 2114
5 4262
6 4887
7 6568
8 14
9 17
10 22
11 25
12 32
13 47
14 59
15 66
16 78
17 85
18 95
19 122
20 147
21 171
22 199
23 220
24 235
25 273
26 289
27 295
28 303
29 313
30 334
31 348
32 353
33 365
34 394
35 397
36 404
37 417
38 447
39 467
40 481
41 492
42 495
43 499
44 516
45 539
46 553
47 565
48 600
49 632
50 650
51 661
52 676
53 719
54 742
55 801
56 861
57 873
58 918
59 951
60 958
61 973
62 977
63 981
64 986
65 988
66 992
67 997
68 1008
69 1014
70 1023
71 1027
72 1032
73 1034
74 1037
75 1044
76 1051
77 1059
78 1062
79 1088
80 1090
81 1103
82 1120
83 1135
84 1137
85 1149
86 1153
87 1164
88 1175
89 1181
90 1188
91 1198
92 1204
93 1210
94 1218
95 1223
96 1228
97 1245
98 1250
99 1261
100 1270
101 1275
102 1281
103 1288
104 1291
105 1297
106 1302
107 1305
108 1314
109 1321
110 1324
111 1330
112 1336
113 1339
114 1346
115 1351
116 1359
117 1362
118 1370
119 1373
120 1382
121 1384
122 1392
123 1394
124 1410
125 1415
126 1422
127 1435
128 1440
129 1446
130 1448
131 1455
132 1468
133 1470
134 1472
135 1481
136 1489
137 1493
138 1498
139 1508
140 1517
141 1524
142 1535
143 1538
144 1544
145 1550
146 1560
147 1566
148 1569
149 1578
150 1581
151 1585
152 1588
153 1590
154 1601
155 1604
156 1611
157 1624
158 1628
159 1631
160 1634
161 1641
162 1646
163 1649
164 1657
165 1664
166 1673
167 1686
168 1691
169 1698
170 1708
171 1713
172 1715
173 1723
174 1726
175 1743
176 1749
177 1761
178 1784
179 1805
180 1809
181 1811
182 1815
183 1839
184 1842
185 1852
186 1862
187 1873
188 1875
189 1882
190 1885
191 1888
192 1899
193 1908
194 1914
195 1927
196 1934
197 1938
198 1946
199 1951
200 1960
201 1967
202 1984
203 1986
204 1991
205 1994
206 1997
207 1999
208 2006
209 2014
210 2017
211 2020
212 2030
213 2034
214 2046
215 2055
216 2063
217 2066
218 2070
219 2073
220 2079
221 2084
222 2087
223 2097
224 2110
225 2117
226 2120
227 2124
228 2130
229 2136
230 2150
231 2155
232 2158
233 2167
234 2173
235 2180
236 2190
237 2194
238 2201
239 2219
240 2225
241 2235
242 2238
243 2240
244 2243
245 2246
246 2250
247 2259
248 2263
249 2279
250 2295
251 2301
252 2307
253 2311
254 2316
255 2325
256 2332
257 2335
258 2348
259 2353
260 2374
261 2398
262 2411
263 2419
264 2429
265 2443
266 2451
267 2463
268 2467
269 2472
270 2484
271 2507
272 2516
273 2520
274 2523
275 2529
276 2534
277 2546
278 2550
279 2570
280 2573
281 2579
282 2588
283 2602
284 2610
285 2612
286 2643
287 2761
288 2772
289 2790
290 2792
291 2805
292 2810
293 2819
294 2831
295 2843
296 2846
297 2859
298 2861
299 2867
300 2879
301 2882
302 2884
303 2892
304 2898
305 2908
306 2910
307 2921
308 2926
309 2937
310 2945
311 2955
312 2960
313 2969
314 2973
315 2983
316 2987
317 3010
318 3017
319 3022
320 3027
321 3029
322 3034
323 3037
324 3043
325 3051
326 3055
327 3059
328 3080
329 3084
330 3098
331 3113
332 3118
333 3127
334 3130
335 3135
336 3145
337 3149
338 3166
339 3168
340 3181
341 3184
342 3186
343 3195
344 3203
345 3207
346 3212
347 3231
348 3248
349 3263
350 3272
351 3279
352 3294
353 3305
354 3315
355 3317
356 3325
357 3329
358 3332
359 3338
360 3357
361 3376
362 3383
363 3389
364 3398
365 3404
366 3410
367 3421
368 3432
369 3438
370 3449
371 3469
372 3477
373 3480
374 3490
375 3496
376 3501
377 3508
378 3522
379 3542
380 3556
381 3569
382 3587
383 3614
384 3620
385 3625
386 3643
387 3661
388 3670
389 3681
390 3697
391 3705
392 3708
393 3719
394 3727
395 3751
396 3760
397 3768
398 3795
399 3811
400 3826
401 3845
402 3847
403 3854
404 3858
405 3862
406 3875
407 3882
408 3895
409 3901
410 3912
411 3928
412 3930
413 3957
414 3960
415 3980
416 3984
417 3989
418 3994
419 4017
420 4028
421 4031
422 4048
423 4051
424 4055
425 4068
426 4076
427 4080
428 4094
429 4102
430 4112
431 4119
432 4135
433 4137
434 4139
435 4143
436 4147
437 4150
438 4153
439 4157
440 4162
441 4164
442 4166
443 4172
444 4177
445 4183
446 4197
447 4209
448 4213
449 4220
450 4225
451 4238
452 4244
453 4247
454 4252
455 4256
456 4258
457 4263
458 4268
459 4286
460 4290
461 4293
462 4303
463 4306
464 4309
465 4311
466 4314
467 4316
468 4323
469 4328
470 4336
471 4346
472 4355
473 4372
474 4374
475 4392
476 4395
477 4410
478 4418
479 4421
480 4424
481 4433
482 4436
483 4438
484 4441
485 4447
486 4450
487 4458
488 4462
489 4472
490 4474
491 4483
492 4493
493 4498
494 4514
495 4518
496 4527
497 4537
498 4543
499 4549
500 4554
501 4558
502 4561
503 4566
504 4573
505 4580
506 4583
507 4598
508 4601
509 4609
510 4612
511 4625
512 4636
513 4643
514 4648
515 4652
516 4666
517 4670
518 4672
519 4687
520 4692
521 4696
522 4699
523 4702
524 4710
525 4715
526 4719
527 4721
528 4723
529 4731
530 4744
531 4773
532 4794
533 4798
534 4805
535 4811
536 4816
537 4821
538 4825
539 4832
540 4836
541 4849
542 4853
543 4861
544 4865
545 4874
546 4879
547 4889
548 4899
549 4908
550 4911
551 4914
552 4920
553 4924
554 4934
555 4941
556 4944
557 4946
558 4951
559 4955
560 4960
561 4972
562 4974
563 4976
564 4986
565 4988
566 4992
567 4998
568 5001
569 5008
570 5020
571 5025
572 5028
573 5035
574 5041
575 5046
576 5050
577 5071
578 5073
579 5084
580 5088
581 5093
582 5096
583 5101
584 5120
585 5124
586 5126
587 5128
588 5132
589 5135
590 5139
591 5142
592 5145
593 5147
594 5151
595 5157
596 5159
597 5165
598 5170
599 5176
600 5180
601 5182
602 5187
603 5190
604 5193
605 5198
606 5200
607 5204
608 5210
609 5221
610 5223
611 5225
612 5228
613 5235
614 5239
615 5242
616 5246
617 5250
618 5253
619 5256
620 5262
621 5264
622 5273
623 5276
624 5283
625 5291
626 5298
627 5303
628 5311
629 5318
630 5321
631 5326
632 5329
633 5338
634 5341
635 5344
636 5350
637 5354
638 5365
639 5370
640 5382
641 5391
642 5407
643 5414
644 5416
645 5423
646 5427
647 5431
648 5444
649 5447
650 5450
651 5452
652 5459
653 5469
654 5472
655 5474
656 5482
657 5488
658 5491
659 5495
660 5507
661 5509
662 5512
663 5520
664 5530
665 5536
666 5539
667 5544
668 5549
669 5552
670 5566
671 5569
672 5578
673 5582
674 5609
675 5613
676 5625
677 5638
678 5656
679 5672
680 5679
681 5694
682 5702
683 5704
684 5706
685 5729
686 5747
687 5750
688 5765
689 5770
690 5775
691 5784
692 5787
693 5799
694 5815
695 5829
696 5840
697 5866
698 5879
699 5888
700 5897
701 5902
702 5905
703 5921
704 5928
705 5938
706 5946
707 5953
708 5966
709 5986
710 6002
711 6009
712 6023
713 6025
714 6036
715 6043
716 6046
717 6059
718 6066
719 6076
720 6079
721 6081
722 6087
723 6090
724 6108
725 6112
726 6127
727 6134
728 6136
729 6141
730 6143
731 6147
732 6152
733 6159
734 6162
735 6164
736 6166
737 6177
738 6181
739 6183
740 6185
741 6188
742 6191
743 6195
744 6199
745 6202
746 6207
747 6219
748 6230
749 6232
750 6236
751 6256
752 6263
753 6267
754 6282
755 6284
756 6288
757 6291
758 6296
759 6299
760 6301
761 6308
762 6314
763 6318
764 6322
765 6325
766 6330
767 6335
768 6339
769 6343
770 6346
771 6353
772 6355
773 6361
774 6364
775 6367
776 6369
777 6371
778 6386
779 6394
780 6398
781 6400
782 6404
783 6411
784 6415
785 6418
786 6421
787 6424
788 6429
789 6438
790 6440
791 6447
792 6452
793 6458
794 6472
795 6482
796 6492
797 6502
798 6532
799 6543
800 6547
801 6555
802 6558
803 6563
804 6567
805 6575
806 6583
807 6596
808 6614
809 6628
810 6633
811 6642
812 6648
813 6657
814 6662
815 6672
816 6676
817 6679
818 6681
819 6683
820 6691
821 6696
822 6703
823 6705
824 6714
825 6719
826 6726
827 6736
828 6745
829 6751
830 6792
831 6803
832 6809
833 6814
834 6824
835 6846
836 6857
837 6860
838 6876
839 6878
840 6893
841 6914
842 6921
843 6928
844 6947
845 6955
846 6958
847 6986
848 6988
849 6992
850 6995
851 6999
852 7002
853 7004
854 7066
855 7070
856 7072
857 7074
858 7081
859 7086
860 7094
861 7114
862 7120
863 7126
864 7131
865 7138
866 7143
867 7151
868 7154
869 7158
870 7165
871 7178
872 7186
873 7192
874 7195
875 7201
876 7206
877 7222
878 7228
879 7237
880 7240
881 7244
882 7246
883 7260
884 7265
885 7275
886 7286
887 7302
888 7309
889 7317
890 7320
891 7335
892 7338
893 7348
894 7350
895 7354
896 7360
897 7362
898 7369
899 7378
900 7386
901 7395
902 7397
903 7406
904 7408
905 7418
906 7423
907 7426
908 7429
909 7439
910 7449
911 7460
912 7475
913 7499
914 7510
915 7516
916 7524
917 7541
918 7552
919 7569
920 7573
921 7607
922 7613
923 7641
924 7673
925 7707
926 7719
927 7743
928 7756
929 7764
930 7786
931 7824
932 7845
933 7866
934 7881
935 7901
936 7921
937 7924
938 8011
939 8028
940 8045
941 8089
942 8112
943 8127
944 8151
945 8189
946 8208
947 8245
948 8275
949 8286
950 8313
951 8355
952 8372
953 8376
954 8380
955 8386
956 8392
957 8395
958 8412
959 8419
960 8424
961 8428
962 8431
963 8443
964 8448
965 8457
966 8468
967 8470
968 8480
969 8485
970 8495
971 8498
972 8500
973 8504
974 8511
975 8514
976 8518
977 8520
978 8528
979 8546
980 8549
981 8558
982 8562
983 8564
984 8570
985 8578
986 8597
987 8609
988 8614
989 8621
990 8626
991 8630
992 8636
993 8641
994 8643
995 8646
996 8654
997 8657
998 8660
999 8664
